1646252408,0,0
1649157490,1,0
1650032467,2,0
1653171756,3,0
1653344530,4,0
1654611859,3,0
1654615328,4,0
1656649356,5,0
1659979432,6,0
1659990207,5,0
1661196211,4,0
1661657237,3,0
