1572968894,0,0
1574714097,2,0
1574717670,24,0
1575228861,25,0
1575383534,26,0
1575574431,28,0
1575657364,29,0
