1519230127,0,0
1528844493,1,0
1528848085,0,0
1530903683,1,0
1531854082,2,0
1531857686,3,0
1532109684,5,0
1533067283,7,0
1533553287,11,0
1533578487,9,0
1533582092,8,0
1533758485,9,0
1534888904,8,0
1534903286,7,0
1535306493,6,0
1535342493,5,0
1535410886,6,0
1535493691,7,0
1535572882,6,0
1535648484,7,0
1535994087,6,0
1536519686,7,0
