1523808291,0,0
