1568146097,0,0
1568156912,1,0
