1646357526,0,0
1652229221,1,0
1652401973,0,0
