1616678522,0,0
1621354678,3,0
1621358297,16,0
1621361894,31,0
1621365544,33,0
1629930479,32,0
1629937634,33,0
1629995314,32,0
1629998778,33,0
