1616677778,0,0
1621433142,1,0
1621436738,2,0
1621440310,4,0
1621451112,5,0
1621508721,6,0
1621515919,7,0
1621523136,11,0
1621526711,14,0
1621530307,16,1
1621566314,16,2
1621958718,16,3
1621965943,16,2
1622052327,16,3
1622084785,17,2
1622603109,18,1
1622667926,19,1
1626800776,32,2
1627578398,32,4
1628006826,31,4
1628024779,32,3
1628795231,31,3
1628867255,32,2
1629385690,31,2
1629666398,32,1
1629763639,31,1
1629835632,31,0
1629907646,32,0
1630580815,31,0
1630613226,31,1
1630616836,32,0
